1 0.736034347722587 0.508731855053899 0.642110248425974 0.210435179830094 0.0129709140617663 0.0258590023452137 0.44755706149493 -0.361966205425921 -0.0215335181084723 0.213466480950978 0.0345950130987829 -0.501296952570269 -0.00977451558219657 -0.243788088986869 -0.26572160531905 -0.251434071157595 0.206434624973151 0.124904708389551 0.0544664812551229 0.435712740099358 0.0163684205061259 -0.0945044306117368 0.100058727523058 0.187522159657367 0.151656508971876 0.180033517146269 0.253518837125233 -0.242296397872592 0.257372021153248 0.0475626050929606 -0.0377648203335193 0.201286149565211 -0.210436565386498 -0.179669804491895 0.117983101461297 -0.00910166060467702 0.22281135619855 -0.0336301927617668 0.0469581711415518 -0.0746601110886165 -0.160165374327054 0.104611635276698 -0.201075900709222 0.0160523539956981 -0.0732135718671509 0.00334321285175405 0.106483378884913 0.232014403168001 -0.0466814407325565 -0.42977035776814 0.0542332399868803 0.0382185588395785 0.0881966752998704 0.0655808858681588 -0.27111883679569 -0.0533700821292371 0.0414224369348534 0.0617445993845006 -0.0219587236553795 0.23455124545214 0.0829601102174466 0.0420941822947877 0.0618246531095823 0.00521745124723757 0.1147357351657 0.180321328824843 0.0454113567461426 -0.230646814329432 0.0122421069583392 0.0722008304844815 0.0737016614001121 0.0257011089446656 -0.275865096801395 0.0241368412864378 -0.244133517969194 0.0074349044435946 -0.301888365612664 0.17434958323071 0.145993629340195 0.0377337946701096 -0.0725731291905005 0.0998847650098417 0.303494736907976 0.161515511555151 0.00600194104167098 0.147530193182875 -0.060921053488006 0.285877837952925 -0.220821329929254 0.212462604450377 -0.108827701690482 0.0370459829484885 0.223882547359635 -0.126815512793194 -0.176918281288662 0.029071744162399 0.169511079465301 -0.153634349135266 -0.303701108575572 0.00725761746337234
2 0.508731855053899 0.615095289645606 0.465967866380589 0.365054569990062 0.112010249030577 -0.0408556788345509 0.351719388946508 -0.395921883641373 -0.00473545715860235 0.180880331610302 -0.0182257622021029 -0.160167590217095 -0.0658806095275951 -0.255813019438225 -0.308411633145654 -0.0469260384664118 0.0863534619899149 0.0936673124803322 0.0869592791527443 0.263441272736622 0.0146684206641048 0.324985872759949 0.0560490317304144 0.166965373177292 0.113034071501267 0.163993351114941 0.0938008316020764 -0.0873243762035762 0.215059833012529 -0.122211633152801 -0.0493612190562062 -0.0199750689055289 -0.212931024984288 -0.319250136951181 0.069871467452198 -0.119398059679955 0.259633239966585 -0.0851551237171956 0.0824900271681443 -0.0761781164884193 -0.213957063737656 0.0726074798723249 0.133563988003544 -0.0734373963329844 -0.121269250845694 -0.0548977841152398 0.10589307429125 0.257018281453032 -0.0578628810314831 -0.0585091401816229 0.0291349023618121 -0.0188681444424417 0.12068282493315 -0.0221277010682292 -0.282795567817653 -0.165898059974105 -0.00194459878373653 0.122857618279504 -0.00457008165723775 0.20986038695079 0.0570833790944569 -0.00799584516169509 0.0822229911625037 0.0237349028092398 0.132692521420366 0.197079500656467 0.0185595564013826 0.143432686349858 0.0330421063906877 0.0777648195060939 0.0712980604439429 -0.0911872567370234 -0.301277561976884 0.0182789467939887 -0.238751246358408 -0.00488282448799024 0.0304495839732337 0.0925675892161798 0.020397784486968 0.0439149581694796 -0.128051522671966 0.0847221609567564 0.177889473806076 0.155283655779094 0.0243144057706069 0.115860387278266 -0.145063158261952 0.313571466923601 -0.254226869783079 0.148967313416889 -0.162608033645956 0.0939603873580761 0.269896674865957 -0.0959257619847858 0.127479224692416 -0.0298722997469812 0.128159002142959 -0.149405540144515 -0.421391689658704 0.0285415510088686
3 0.642110248425974 0.465967866380589 0.980168973779547 0.345550692146918 0.153026592394879 -0.0997864269654138 0.23144376482171 -0.381257064892699 -0.00548033264367992 0.267156508177823 0.107078392015332 -0.253048200157706 -0.142840443492286 -0.172044876409821 -0.316067311118297 -0.227479223377894 0.112630746690116 0.3353432117771 -0.283659280145308 0.209463986327229 0.0315210517317736 -0.361149027531244 0.0460088673923659 0.211671466715002 0.18336592694335 0.172622436545393 0.135746538927847 -0.421665095233088 0.171319112489973 -0.100840994854201 0.0451033232281128 0.302754016644379 -0.389321607013428 -0.0498709120654764 -0.100603048112952 -0.281712462424508 -0.0433069261547718 0.055760389424336 0.263336286687331 -0.0292797790641531 0.0605412729227045 0.306881995661608 0.137783377755198 -0.0640889204001927 -0.0809096928718582 -0.0197443219962649 0.221501660938804 0.393850136411173 -0.0661844880270494 -0.27070664535068 -0.201961219828464 -0.0419318568884772 0.254475068026385 -0.257945983469347 -0.0937518017082955 -0.0724072006655181 0.158376175880355 -0.0833207735088119 -0.00619833459066321 0.244355400204787 0.278211356066265 -0.00166731372508518 0.0181191127337756 0.0610440437539884 -0.173613570819999 0.0102678663456576 -0.00767008388649718 -0.221569529308524 0.0337736869363568 0.168287810641226 0.304775621796944 0.247492521796229 -0.163832964381787 -0.140152632507955 -0.128985596110421 0.114182827526814 -0.342454847916487 0.0869376715274715 -0.0101714667241577 0.0908166198734764 -0.0582590012723557 0.0211567877800789 0.311463158410646 0.270637394623686 0.0648645460384597 0.0407606640912421 -0.458878947953686 0.537449582076754 -0.0599468155465657 0.266911635456201 -0.143034073496151 0.14020276920267 0.0677349018959792 -0.181721607236392 -0.0959686964424629 0.239430191864525 0.197293627574595 -0.112636565575392 -0.320687258888575 0.0287637114420489
4 0.210435179830094 0.365054569990062 0.345550692146918 0.910177837469562 0.109075345989336 -0.0439027702478497 -0.0328426600762741 -0.374231856014472 -0.0475662049879552 0.107070636473733 0.272338780068418 -0.0941207759767704 -0.158579501293722 -0.33068504144881 -0.396961771436284 -0.449175345036726 0.228284486589953 0.259675068330908 -0.0444030474346574 -0.313942382503432 -0.0887578949035038 0.32726371211641 0.124942660424683 0.095813018754532 0.196248198730591 0.292134625056376 -0.324831300399518 0.253277839108004 0.259114680550412 -0.373809139486648 0.117388365047505 0.0303556789126602 -0.0859296402431548 -0.640014956151642 0.143250137632146 -0.424237948163686 -0.0959468146499144 -0.097558724775845 0.117665096331226 0.0729686975721191 0.0708002763287976 0.259991967009799 0.204479223283624 -0.0243229920219548 0.0872365658885617 0.117634071444374 0.194183655802921 0.225995566826235 -0.228312188136076 0.368739058333175 0.0228747915546232 0.0439930742402997 -0.140739058144706 -0.0755180056658258 0.038194459145791 -0.356516896094147 0.227020220633935 -0.0242141265188507 -0.0472005524342062 -0.209493905748035 0.154562880252646 0.190096121143891 -0.0370011083027914 -0.0062041553006411 0.193171191671973 -0.0178717454067386 -0.26377839311334 0.362256508564459 0.0498894748086571 0.154890027081588 -0.0373041553885437 -0.251244874086764 -0.0996977840454115 0.0487105256576365 -0.0667030473089051 0.0394127433081151 0.0376130188473133 -0.145726593091898 -0.0110182819071935 0.0995681436349099 0.11114072057542 -0.0473803318075954 0.361063157620527 -0.0585966761618615 -0.0034864251516628 0.224437672345222 -0.138073684613453 0.394508031823959 0.104208586460289 0.10560664871542 -0.095325485342771 0.0946218831944533 0.118162049155362 -0.125866482151538 0.366140443010694 0.0456074784583114 0.33016177176285 -0.226461495659296 -0.854649860456076 0.0434559554025083
5 0.0129709140617663 0.112010249030577 0.153026592394879 0.109075345989336 1.23353960942354 -0.206427423320433 -0.140788642214537 -0.351018004619335 0.0624703599866489 0.434928253931364 -0.112884487209689 0.22388642617383 -0.21659916844976 0.453419666666968 -0.497162602840027 -0.00933434904139763 0.0748232685940706 0.136063711656011 -0.309513849655278 -0.30827063628863 -0.00334210520152802 -0.330121883054549 0.268714957634752 -0.0742958446463055 0.379780331598217 0.103692797599525 0.127686426186305 -0.397235179214292 -0.00640360104802929 0.110468974680971 0.0413753462178171 0.609366480580797 -0.179695013366188 0.354811910433643 -0.12946731264736 -0.10065623261234 -0.0846903044508758 -0.3689961211689 -0.192300276523788 -0.198345151861294 -0.0778872573658913 -0.148401107823586 0.097991689624564 -0.459762879797256 0.178918836017432 -0.0365853184310234 0.0473218835903753 0.0317487534702763 0.0355288088263696 0.0514440440595387 -0.705191134056898 -0.0927817171762263 0.36394542858873 -0.00243878111429463 -0.20216011026047 0.366438503242022 -0.140290858342356 -0.138702492889313 0.0629271464547337 0.606269804792732 0.263203046543086 0.150463711619957 -0.129393074449654 -0.0934542933909529 -0.434304154293323 -0.231416065919008 0.148946537114119 0.513667865930078 0.0979789469655884 -0.23612188308635 0.146408863988737 0.270077838626081 -0.100850692244755 -0.504473682997031 -0.210671744625172 0.114344043914625 -0.313085317788948 -0.0037969528081644 -0.00045152363590579 -0.0725232685077746 -0.257668974580156 -0.129105816958117 0.14095263118325 0.270516065932971 -0.102012465357036 0.280390858138021 -0.312257893930515 -0.381746259452335 -0.296073406454319 0.457705816035784 0.0234013851062227 -0.181282825040934 -0.297072021428651 -0.309705539406031 0.411191965744467 0.161707201951299 0.0519783932868064 0.0909238225583439 0.0726695290527315 0.0941476452444721
6 0.0258590023452137 -0.0408556788345509 -0.0997864269654138 -0.0439027702478497 -0.206427423320433 0.494787810914774 0.254393352521843 -0.0586717436859813 0.00753711925788313 -0.106994458992124 -0.215355677468617 -0.115796674801693 0.233461772722135 -0.172746813066593 -0.161441274656858 -0.195225207638034 0.447382271105934 0.125927147034175 -0.173852353522695 0.232654571505811 -0.145152630709809 0.271927698825349 -0.0417986169812893 -0.130433240079284 -0.0789268692206967 0.17957340728432 0.195071743510979 0.0971024923499893 -0.0494659274087696 0.312495565756992 -0.154139611337514 -0.291295013657598 0.0731864272405807 -0.102416344538411 -0.226556231360995 0.141523543870128 0.0738540171390834 0.112053184205119 -0.109645151577456 -0.153886148756392 0.0693980615591633 0.19665623100655 -0.214375621845804 0.0937451527185593 -0.100113851657132 -0.136127977067862 0.207445983316212 0.0696468150404378 -0.0969778386974336 0.1532792225639 0.184797507457572 0.0787905822136158 -0.0466897501587721 0.282941828058099 -0.210471743785555 -0.020960665682573 -0.19983102379442 -0.121390582708179 0.0082880864314685 -0.090021605850541 -0.0658822708942756 -0.135514957679642 -0.0956343482921996 -0.0422867032241707 -0.0384404445672114 -0.041150414982768 0.190843490401453 -0.0543113567469695 -0.0432736859495113 0.210822437603249 -0.0769498608069071 -0.21002797840086 -0.117068143283087 0.113315790034354 -0.120862880069835 -0.0171102507753389 -0.16741745046638 0.356001939181612 0.106206924053781 0.2345124651237 0.00602548385514903 -0.190711357649279 0.0370052622785619 -0.107018004716192 -0.0452055421932318 -0.0833900270960479 0.0545526325150784 0.0611700837545667 -0.243791688366793 -0.131993906639146 0.212746815103332 0.150115235490899 -0.124518558622533 0.0711390586648686 -0.0137252086449621 -0.183678668962235 0.199788642729537 -0.0768590021183279 0.0169648212111275 -0.0399390578168408
7 0.44755706149493 0.351719388946508 0.23144376482171 -0.0328426600762741 -0.140788642214537 0.254393352521843 1.35179446107087 -0.372934343782057 0.00906426644051544 0.276395846243094 0.282998339689285 -0.636276173085216 0.30102077624642 0.309460113248993 -0.218417730622915 -0.546232409803885 -0.0608603855532794 0.118150693916156 0.25113795174872 0.0482340765110285 0.186863159271149 0.271400271787349 -0.172052361180378 -0.0271645408089709 -0.323981161358403 0.0707673144640882 0.438676449331131 -0.326516344432671 0.340478394101497 0.0512191088026483 -0.319705814788207 -0.0196853200390581 0.0451720247432433 -0.360854851059432 0.235843492477247 -0.0154584537379652 0.573179225352117 -0.26171357658418 0.184350970870396 -0.03149196509293 -0.0590867009132578 0.412624925726566 0.164150141248272 0.242170084457433 -0.231108037568731 -0.227796119832381 -0.0630213281686745 0.0871609442514038 0.055914959711679 -0.57863573762787 0.140200556832418 -0.410611354194676 0.0978409984280715 0.323583103215509 -0.356097503169826 -0.202205819727291 -0.17262936022011 0.265648194674669 0.0123470841381525 0.294813574714056 0.0575340733010074 -0.230928252792599 0.456520499320934 0.135353186223902 0.310843484846923 0.340808864946439 0.430842383039968 -0.36819279539798 0.055410520122751 0.218273962061937 0.497374238816981 -0.219885598488362 -0.457277836661274 0.369978949231741 0.0062800571899152 0.185832681585045 -0.233811908580423 0.220986706154099 -0.285219669976032 0.0858603885315005 -0.102950695250702 -0.581787535754841 0.420594733266251 0.258543768662171 0.140677831984398 0.00421357477802458 0.444973686710546 0.0226961244417205 -0.324156229193956 0.357745424863957 0.136650419094 -0.0815916883420913 0.32088892111147 0.00894570850871625 0.363920217750598 -0.559798887452687 0.368744045208025 0.0895587271447374 -0.0273459790061741 0.0492963996580502
8 -0.361966205425921 -0.395921883641373 -0.381257064892699 -0.374231856014472 -0.351018004619335 -0.0586717436859814 -0.372934343782057 1.19791966945737 -0.0121783927740985 -0.359146811544961 -0.233374512259394 0.432254018513215 -0.143039610525895 0.34763795260152 0.423912184748171 0.266107477534773 -0.175493349215284 -0.248008861994207 0.0589110824454126 -0.118022432660255 0.154752633086357 -0.0415656556393527 0.037002762774583 0.0340598358527122 -0.166206369424491 -0.181490025637321 -0.317835460458723 0.0427470895865886 -0.385284485106264 -0.36778255245952 -0.134558169719659 -0.261716344476557 0.479704433828291 0.431330465583451 -0.0365861467118212 -0.12962133453284 0.243165929768164 0.281101103514387 -0.0601008290773551 0.0746645444164379 0.211722439836985 -0.0392138545570782 -0.358888084622443 -0.203588640241531 0.249677556760981 0.0909335193919492 -0.0596554001547581 0.0890252102611244 0.151870638212221 0.322737390383595 0.0878213326759705 -0.139750412901387 -0.351442657026677 -0.379221604300769 0.310345985736032 -0.123421332468151 0.027490584003646 0.181050410794041 -0.012855409117856 -0.026711632255914 -0.36567506697713 0.0788174529337834 -0.0209371172791478 0.0228318568671543 0.189787529283777 -0.0557587241437285 -0.328481437913448 -0.165296396910247 0.00814736213497275 0.143581718506011 -0.307531299486612 0.0908861458544372 0.0787637134361651 0.280905265309529 0.330079502505658 -0.154699450777965 0.0995177306345039 -0.00708559240291902 0.170977004801007 0.0980565104177261 0.234908860680512 0.206345703393521 0.0188473656605737 -0.151878114009829 0.0241889123474376 -0.0849905801011188 0.0557263192779693 -0.127733515024227 0.275111359579415 -0.0178562364641292 0.245914684904313 0.144035735014407 -0.082173958799264 0.368220223008569 0.0727601075010667 0.326537398753442 -0.196327975628072 0.327560942728992 0.282434906866592 0.00634820033723217
9 -0.0215335181084723 -0.00473545715860235 -0.00548033264367992 -0.0475662049879552 0.0624703599866489 0.00753711925788313 0.00906426644051544 -0.0121783927740985 0.0197429363102584 0.015790304921741 -0.0595670355811542 0.0708152356439522 0.0008221608250148 0.0384279781448663 0.00139196643383119 0.051619113325597 -0.0173216063446076 0.00591301958448544 -0.0358623265180932 0.0329268703057342 -0.039005262846296 -0.0131590033159223 0.00435678582100087 -0.00168393325642545 -0.00325955661104455 -0.000663988718117575 0.0610941821920713 -0.0740872576604435 0.0348653740718402 0.0477972292287512 -0.0544135730768776 0.017267589798846 -0.0169144040593122 0.067329916219397 -0.0461160660413935 0.0164285311928784 0.00153573435077318 -0.00957728576671541 -0.00307756210099438 -0.0611637115750309 0.0366520777988548 -0.00344182875804715 -0.00299002730579262 -0.0242487531713177 -0.00507313078717098 -0.0465997226949652 -0.00035152337901422 -0.0208648195710433 -0.0182072020019776 0.0353639882346239 -0.0645022155311417 -0.0370124650133641 0.0338728532864492 0.0147675901752996 -0.0112047087473158 0.0357811629794795 -0.0522141270230058 -0.0233664824629003 0.0198484755056118 0.0317878118086023 0.0144373962651408 -0.0462448750507389 0.00901800573584316 0.000355678785856644 -0.081668698471511 0.03921717460755 0.0196831026654236 0.0380185596660234 -0.00335263232855873 -0.0108484762636342 0.0256767314571754 0.0218318554807365 -0.017767589782272 0.0208473687103361 -0.00928864241356738 0.023321882983043 -0.0236418279208049 -0.0165836560920749 -0.0183476457657328 0.00913739621522967 -0.0402498617749223 -0.0257867038469783 -0.0470105265386233 0.0114144046472353 -0.000879779269077952 -0.00865429343717827 -0.0187526311003443 -0.0122371187606033 -0.0583961214075635 -0.00102908633137953 -0.00677534576007635 0.0063036012467758 0.0100653742086261 0.00703296424232002 0.035561218377569 0.0389797787122829 0.00816066501551274 0.0174177286903814 0.0923576180591985 -0.00170664808623315
10 0.213466480950978 0.180880331610302 0.267156508177823 0.107070636473733 0.434928253931364 -0.106994458992124 0.276395846243094 -0.359146811544961 0.015790304921741 0.820048198530782 0.187843490988278 -0.267747920546436 -0.114683101631112 0.185312189411414 -0.0753817184838497 0.0679033234550222 0.0922678678165284 0.428691966569743 0.00864293728057717 0.198537397816094 0.0625157901692735 -0.283611635859116 -0.0632590058844945 -0.0193207746180784 0.233608864369656 0.323720221626451 0.142667864864202 -0.179060942206124 0.177149584794599 -0.098771193081179 0.112912742905578 -0.334474515193953 -0.142045981811366 0.05572465164841 0.122178671343532 -0.182171470071449 0.243546260894015 -0.180603602454884 0.0836434909339134 -0.219579500149583 0.013509973458231 0.131905537963938 -0.0957163418266623 -0.228554015223809 -0.164362605765089 -0.197704984989014 0.185980055603192 -0.32907008114492 0.183640166439075 -0.300651802138878 -0.447333792552651 -0.0382335168843217 0.17311495872012 0.167793906114896 -0.379725759544565 0.0546864250705529 -0.0857299156469257 -0.192661220347504 0.0171326835689424 0.155735180622163 0.522016342974003 -0.196308032085079 0.158954848094218 -0.0628969523335307 -0.16035817360091 -0.10030914037627 -0.162927422649179 -0.118455123661945 -0.0593000026916902 -0.130122159752275 0.159003047528715 0.351773958840138 0.120995568362339 -0.100436840625969 -0.2018254834726 0.216358722958822 -0.279620773947356 -0.154899444216482 -0.303258172473085 -0.048978392817087 0.0162238213000057 -0.0411393362209709 0.416352629419398 -0.196522436333924 -0.0672903078327092 0.0565720226761681 -0.252994734645675 0.0190523557422908 -0.194622435949059 0.402223543083211 -0.236022712341814 -0.0951542928448134 0.00274432233081679 -0.0150565086571937 0.0981506908858034 -0.123051798761509 0.344065928003556 0.115512465851988 -0.244558169189148 -0.0556803318769039
11 0.0345950130987829 -0.0182257622021029 0.107078392015332 0.272338780068418 -0.112884487209689 -0.215355677468617 0.282998339689285 -0.233374512259394 -0.0595670355811542 0.187843490988278 0.870390027067106 -0.263351798421996 0.0547509701281918 0.127818561015548 0.147140995464723 -0.394189196379058 -0.400383377423245 0.0847567874364662 0.403232964292314 -0.424569248569087 0.209926316316582 0.030464817312546 -0.158445709904549 -0.218945150714473 -0.2382869793245 -0.0237645419915506 -0.323093907303265 0.0629650958803254 0.0678282555369768 -0.215053741717628 0.104996676592243 0.175745982138027 0.136600555202021 -0.226439614028188 0.576150415721251 -0.136813852898577 0.0177858737936341 -0.0591235476662768 0.374332133099437 0.370385041606777 -0.227451798623058 0.331507476203795 0.440963989660167 0.146673130920058 -0.096316622976552 0.14216011134031 -0.226770081854295 -0.13343961043309 0.00798975144640729 -0.473409142910312 -0.0446229898493755 -0.24607866857124 -0.21366980482647 0.0613354577313808 -0.0292534608949306 -0.196019114804808 0.355360665286049 0.184768141308711 -0.0590648238405263 -0.316844873540778 0.169341274640827 0.0747409979164149 0.384259833894591 0.152692797959381 0.488687253874749 -0.214146813120249 -0.105224652538658 -0.238477837932973 0.0576842070233018 0.0568490310843346 0.362792797918105 -0.134876732897048 -0.0635407191631316 -0.0538736825921667 0.20038033296213 0.196790855516561 0.111670638120409 -0.400116617905621 -0.213107480428293 -0.14081661967525 0.114101106131133 -0.25868836642374 0.427536839682632 0.00145207863164337 0.165040715940435 0.0991761778300056 0.236805264571329 -0.165949582664725 0.34638892042741 0.199304152622749 -0.0569817151621693 -0.201581716317838 0.115933518948349 -0.178183654910358 0.125426590826773 -0.392456507003536 0.293248476749089 -0.0915686969748872 -0.539818001931543 0.0494520779387003
12 -0.501296952570269 -0.160167590217095 -0.253048200157706 -0.0941207759767704 0.22388642617383 -0.115796674801693 -0.636276173085216 0.432254018513215 0.0708152356439522 -0.267747920546436 -0.263351798421996 1.6464144025357 -0.126960386683762 0.206162051436754 0.0357509677736053 0.361650414014351 -0.335901382910619 -0.19978587105006 -0.36274792021264 -0.0502354539674705 -0.10141578808058 0.36184985769066 -0.0446659324178581 -0.00539667454712856 -0.139630469725032 -0.194436286611549 -0.258890860726274 -0.157468144778092 -0.139962879589767 -0.124149033213819 -0.0836049848789499 -0.0999099730637738 0.0537218852777953 0.624711630205555 -0.500329637012697 -0.23816288360927 -0.3461396099435 0.248030467914364 0.0929692530079248 -0.0303119102539155 0.0233565113011819 -0.227838783309792 0.281614405820057 -0.290432408088314 -0.00974598650292572 -0.23004404280556 -0.128513018239131 0.0339484780776571 -0.166386425318265 0.369225757793531 -0.0521529064385516 -0.00386010935103738 -0.119988918478161 -0.144836286823349 0.727259280064528 0.0945634327395272 -0.131885316788187 0.0318653711801277 0.069797502065403 -0.246583100662034 -0.137093350579079 -0.0157911347013126 -0.216652352961186 -0.0418055394674249 -0.357229642176634 -0.119857062504799 -0.0225343478535491 0.379280609579101 0.175352627246866 -0.143550137316838 -0.194200275465117 -0.133901940973296 -0.228121605066943 -0.430857892021561 -0.0264268685770741 -0.0106005572237922 0.221808588221365 -0.277588086040839 -0.405755956731903 -0.0240459827332742 -0.508961496624157 0.164670081152835 -0.620194737158087 -0.257542934457831 -0.0479994504412985 0.000395845770244112 0.013226318030452 -0.0468243749329877 -0.0519429343767562 -0.130270085208734 0.258943215238626 0.232185318833726 -0.0667155109111381 -0.316467587917121 0.564945149114117 1.03124681420392 -0.212266757413739 -0.00265567763641321 0.156391415189765 0.168783379691535
13 -0.00977451558219657 -0.0658806095275951 -0.142840443492286 -0.158579501293722 -0.21659916844976 0.233461772722135 0.30102077624642 -0.143039610525895 0.0008221608250148 -0.114683101631112 0.0547509701281918 -0.126960386683762 0.496068143325827 0.0113601117327236 -0.173470360506374 -0.204611357203068 0.128392244124321 -0.0996177278033107 0.11440110843751 -0.0186501370643881 0.0150947373543053 0.25496343292841 -0.0487944618516099 -0.14101717357038 -0.0873864259863533 -0.100153738899784 0.197729084219166 0.0813889189754999 -0.0596742376328539 0.318555953547918 -0.164037395246269 -0.0189168979277917 -0.0110437664720839 -0.113475901306738 0.0271224384338517 0.141467865192233 0.0514265933701595 -0.119250416389493 0.193635180154475 0.0490554020370735 0.0441817181293569 0.105845981896646 0.0407764551485786 0.345375346062484 -0.108681718681308 0.0553144047762599 -0.0791792237946545 -0.00971800472202786 -0.106353461942969 -0.1602883667674 -0.0083994450126026 0.0779254852660437 -0.0540063706388011 0.287777839129787 -0.22671855814901 -0.0258742390833351 0.0506916903281864 0.0908008295515636 0.0015891944686856 -0.0961443205152345 -0.0743659273827804 -0.144480885635012 0.130504709374613 0.23465318535233 -0.00113545850862337 -0.0513753457055344 0.192658171840472 -0.0629085866421902 -0.051389475414241 0.18458448752567 0.134011080550445 -0.219111911903687 -0.127940996441764 0.0303052639089946 0.153148476658611 -0.0252515250028906 0.0593986155099577 0.0816445990818443 -0.188119668087999 -0.0389132960340502 -0.0670349037970186 -0.201898061228994 -0.0550894743608512 0.191475346417332 0.246898889273361 -0.091807478598594 0.319978947714136 0.100875069819014 -0.0840299158679756 -0.138233518819147 -0.0534653726588663 -0.0645127418648282 0.101488920097868 0.0487404437599869 0.017278115380535 -0.195130469485577 -0.102455954927402 -0.0842781156726654 0.0119434915890894 -0.0480772849440507
14 -0.243788088986869 -0.255813019438225 -0.172044876409821 -0.33068504144881 0.453419666666968 -0.172746813066593 0.309460113248993 0.34763795260152 0.0384279781448663 0.185312189411414 0.127818561015548 0.206162051436754 0.0113601117327236 1.29998227085907 -0.26378448884037 -0.22175650997513 -0.424195842363284 -0.265400275191734 0.106406926567209 -0.463588361230553 0.306378948001069 -0.150991692802453 -0.092123273634795 -0.150399444126595 -0.200055954237601 0.0281562338027283 0.0179041521598693 -0.253453463266658 0.129630748744527 -0.188216069482553 -0.127400829512107 0.537408861939464 0.254039613591463 0.339291408875322 -0.172000551644087 -0.31549030769121 0.282208311278868 -0.292317730643388 -0.0743656495122441 0.0944199455593646 0.243862051192786 -0.132131027645039 0.0534725783456641 -0.178886978812099 0.189816893517684 -0.145404707682692 -0.183829361490616 0.0784650987021624 0.150911912039409 -0.204687814744107 -0.437088639376646 -0.465903875435185 0.196856233287492 0.127114128203636 0.14294321514894 -0.175616622314961 -0.302486147234181 0.164245979941278 0.0407495790680548 0.422712465872496 -0.196640995753381 -0.048226591559716 -0.114227145285621 0.124948199850856 0.104573126459496 -0.183413017916179 0.302497784530547 -0.218389195039125 0.16522631095684 0.00646094279381101 0.187000831859629 0.0566426566425921 -0.0428614945373777 0.142636843765595 0.476833241252082 -0.0527141309657453 -0.283020496323918 -0.0748778369254422 -0.504784765634835 -0.0679831016695409 -0.276894461389274 -0.532010249903354 0.0508684190035009 0.32043933587939 0.129356227224376 0.186270360707519 0.295468422961799 -0.324547919791036 -0.0331080311334847 0.183231298810467 -0.00441911070478658 -0.150608586018591 0.0460991704626951 0.0244975084565265 0.762843486358006 0.0196806117691404 0.0296265939917032 0.515193351808759 0.455031027079632 0.153976177584301
15 -0.26572160531905 -0.308411633145654 -0.316067311118297 -0.396961771436284 -0.497162602840027 -0.161441274656858 -0.218417730622915 0.423912184748171 0.00139196643383119 -0.0753817184838497 0.147140995464723 0.0357509677736053 -0.173470360506374 -0.26378448884037 1.10054958357734 0.516952077041187 -0.353275346749733 0.0248495834281928 0.237991964911029 0.117970080059433 -0.0668210535669068 -0.342898057385049 -0.101808582801127 -0.147457064629736 -0.184920776023669 -0.232907756679017 -0.280701659015791 -0.0316775612433388 -0.178524931262149 -0.165871464958014 0.0289119102839567 -0.534944596216417 0.124062047960981 0.24431080532848 0.387357061209592 0.198548756050307 -0.0416401674785013 0.452394461093399 -0.0196484774708801 0.0184825474707976 -0.162812189544467 0.022806096606575 -0.0563016638045625 -0.0349041561936655 -0.0120878086782617 0.0234850405678468 -0.174817728943115 -0.4591891972279 0.116673129092935 -0.0986343458752036 0.0845775602451289 -0.165837397093984 -0.162870914618679 -0.185476177744548 -0.114940444741835 0.0454171762303514 0.0776891951276536 0.0151373986111036 0.000319117952337058 -0.272578670938006 0.103396397808977 -0.0491451531729807 0.353264541097463 -0.0986119116993407 0.101504434781894 0.134888364474644 -0.242529640393703 -0.187923269218768 -0.0968263119045483 -0.190724377108828 0.0549038769619683 0.481753463585841 0.293591965104342 0.183042103224352 0.0499288076629509 0.158660390464247 0.185285039774302 -0.329103602212015 0.141625486275535 -0.0821772856856291 0.36040304807196 0.367192521422823 -0.084336840325428 -0.286093629332788 -0.103986699116092 -0.195004986546063 -0.078136844044365 -0.4482271473851 0.265743211028635 -0.0460872552806357 -0.0110944621587551 -0.151378670760948 -0.102651247614879 0.245193626954575 -0.639542656007558 -0.108502771808289 -0.0263127433592785 0.0537110792545761 0.0460517978447284 -0.0880936291409877
16 -0.251434071157595 -0.0469260384664118 -0.227479223377894 -0.449175345036726 -0.00933434904139763 -0.195225207638034 -0.546232409803885 0.266107477534773 0.051619113325597 0.0679033234550222 -0.394189196379058 0.361650414014351 -0.204611357203068 -0.22175650997513 0.516952077041187 1.14824487303088 -0.252770637077143 -0.109463712076847 -0.0105387816780715 0.579033792575876 0.054452631012052 -0.0607886413808863 -0.0984360091270938 0.0794695283958424 0.0104775619692409 -0.148019113638235 0.197318837107195 -0.00160692478933436 -0.235349030317535 0.136304709988182 0.0588720216153242 -0.574261217170335 -0.186883933763132 0.567177562099742 -0.194711634581026 0.311535180598985 0.0992324091894887 0.236622438074149 -0.142752354684814 -0.153965374010683 -0.176007479462038 -0.33773573229993 -0.143981163882451 -0.233005540113316 -0.100887256191226 -0.138240997300955 -0.0135534629027266 -0.426317174206808 0.303739611162819 0.264855956286271 -0.12400360160486 0.0173711905459439 -0.0304296401719561 -0.235098060772872 -0.213171468397555 0.0480141280605421 -0.198051246655771 -0.0817080320237922 0.0500044338151663 -0.0284698065177298 -0.0116662053086029 -0.18502160661343 -0.0557911360373822 -0.0908299169244486 -0.259937948376396 0.0573108028375451 -0.322983379206187 0.170558447984475 -0.0848421035700321 -0.225567589851486 -0.303687811375197 0.32290110815385 0.291792796721043 -0.059284211060264 -0.0699229919790964 -0.0593072008502069 0.338374790926618 -0.210629363163104 0.169540997598709 -0.0729451524168129 -0.0147889189012063 0.397726869516241 -0.352894735398346 -0.382668697679797 -0.0988612168726877 -0.235759279591005 -0.460289473517431 -0.153616897808159 -0.0664476459649874 -0.107421605491914 -0.458990858658337 0.0340565093154058 -0.0917542939587344 0.205700276012355 -0.282413018004141 -0.00837562405652854 -0.322083656211271 0.230649860585928 0.356467311151587 -0.0747950138996284
17 0.206434624973151 0.0863534619899149 0.112630746690116 0.228284486589953 0.0748232685940706 0.447382271105934 -0.0608603855532794 -0.175493349215284 -0.0173216063446076 0.0922678678165284 -0.400383377423245 -0.335901382910619 0.128392244124321 -0.424195842363284 -0.353275346749733 -0.252770637077143 0.948024929674055 0.385429916857302 -0.341921604800849 0.194896123729864 -0.273684209019934 0.016355122326088 0.182491962874125 -0.117191411452872 0.455722160312224 0.375153185550096 0.0205354550415807 0.216321328322164 -0.162162879770404 0.188672019424387 0.0966371197256179 -0.34134155123729 -0.0818675885106673 -0.302314682860167 -0.243619111684414 -0.00720498862673507 -0.0537711898914293 0.0376725742227368 -0.240078114932776 -0.267748752069116 0.215056510481919 0.135108584920039 -0.461027698250054 -0.0597797773160838 0.0469434877918303 0.00284016696360793 0.508708032759759 0.15718531950765 -0.195623267569269 0.274188916640606 -0.0331634332735228 0.382650415758593 0.152837396483119 0.161305817532124 -0.448440717746602 0.114479222626215 -0.124311632940729 -0.242297785463666 -0.0169498650577369 0.040553740499065 0.196148753721769 0.00481939133427779 -0.2238786689979 -0.10143711842285 -0.221782273334957 -0.146430746875726 0.0476288096195009 0.11955955729306 -0.0994736870019087 0.18012880912215 -0.204405538859844 0.0885296379945451 0.102925762360259 -0.0411421038326765 -0.255305815706146 -0.0738795036923016 -0.338101937180537 0.405422438277763 0.232365094928081 0.233875069180471 0.216501660093021 0.154780607861451 0.118531577373947 -0.0242955668540321 -0.106188922923945 0.00147479292612074 -0.242442102980951 0.286354571290432 -0.293763986886552 -0.0794858742337613 0.125469530735769 0.112469529442191 -0.288399721269327 0.188979779040987 -0.276923269586256 0.0260468159642004 0.134501662599585 -0.192408309030589 -0.346745426442613 -0.0943166198513973
18 0.124904708389551 0.0936673124803322 0.3353432117771 0.259675068330908 0.136063711656011 0.125927147034175 0.118150693916156 -0.248008861994207 0.00591301958448544 0.428691966569743 0.0847567874364662 -0.19978587105006 -0.0996177278033107 -0.265400275191734 0.0248495834281928 -0.109463712076847 0.385429916857302 0.677223267823621 -0.235281716078253 0.0215648216834814 -0.189636840981431 -0.152398062392755 -0.0584928003725379 -0.187746536171361 0.235342382267828 0.313229085792954 -0.132112189615653 -0.092909141717006 -0.0887565089074934 -0.0766925224135792 0.125611911724172 -0.434160387429535 -0.0539958437106704 -0.178831303179867 0.0393623278319065 -0.146903879737993 -0.0259980600040874 0.0276944583081 0.170393629108761 -0.194291134677721 0.221945706866458 0.471837670478996 0.0414457074882736 -0.192835732901095 -0.13922465531134 -0.174236010090537 0.417198060522407 -0.0511891955428666 -0.13134265844518 0.0173656490431626 -0.212427699137149 -0.00135844788559783 0.18287645443436 -0.10139722912607 -0.304277283486316 0.194632962383135 0.00869446069810269 -0.162378394610531 0.0069717423192446 -0.141052353488696 0.588654292854961 -0.172950414526823 0.257643490399268 -0.0581592792854546 -0.170879779860451 -0.0768063704567704 -0.129045428398489 -0.0922758994635717 -0.0579315811767342 0.128217728762324 0.251682825583199 0.234416618645144 0.135234072359159 -0.0113157884010034 -0.167355400585695 0.268618280010017 -0.231146536001722 -0.0895193891953898 -0.0162692532175751 0.171938504124001 0.297618834745898 0.00416094087237005 0.25897894576393 -0.158019943493518 -0.061834074618471 -0.113910248515176 -0.367542103077938 0.268514958860403 -0.0922725748950184 0.181396951064513 0.139016067681655 0.0882002772867833 -0.181114403184244 0.184604155549145 -0.170390028499985 -0.0505396108084328 0.39251883635059 -0.115667866160567 -0.349900828563159 -0.0538831020312752
19 0.0544664812551229 0.0869592791527443 -0.283659280145308 -0.0444030474346574 -0.309513849655278 -0.173852353522695 0.25113795174872 0.0589110824454126 -0.0358623265180932 0.00864293728057717 0.403232964292314 -0.36274792021264 0.11440110843751 0.106406926567209 0.237991964911029 -0.0105387816780715 -0.341921604800849 -0.235281716078253 0.992363987798726 0.0876531877386116 0.0519105271132918 0.412514678167297 -0.125532690259533 -0.193836563610183 -0.195585871450424 0.110978116910543 -0.263579502818037 0.236718004156208 0.218412742662567 -0.169960666808106 -0.0863819934166253 0.109051799533743 0.614711911343655 -0.194733242709994 0.709162880669867 0.184628528886951 0.550467312935084 -0.0615193923595874 0.0948803330902926 0.156104709602892 -0.145721605020599 -0.00512604085398098 -0.0414584470762232 0.167593352390657 -0.242946816325816 0.15034238271782 -0.184646259296565 -0.2059753444652 -0.00539667518150143 -0.399593907391108 0.0534451538279205 -0.227107200574166 -0.171463987813221 0.209241274505932 -0.212936286106141 -0.114513574680447 0.0888385051127603 0.32504930462468 -0.0352831061022951 -0.263522713088023 -0.188862602737594 -0.129308032168623 0.38315484766627 0.205792520788143 0.82956287660173 0.18843296430167 -0.24100110660898 -0.18986564974962 -0.120268423871433 0.118404155537355 0.0268714689521295 -0.374473408099329 -0.066814957460246 0.481742105552902 0.0444955686844991 -0.0937833818247528 0.413821329857311 -0.358999443625759 0.116926036978494 -0.107246813699241 0.161823820844415 0.0474922424215677 0.157942103569146 0.0760880894539067 0.217825480695039 0.0581404437853144 0.564142105777685 -0.0755055386688357 -0.0599013834995819 -0.315113297572729 -0.202643764879194 -0.162933240007802 0.552739058032575 0.253911911885577 0.0722033223907998 -0.476646534668275 0.128297507509787 -0.217482270173808 -0.175663432314131 -0.113138226446647
20 0.435712740099358 0.263441272736622 0.209463986327229 -0.313942382503432 -0.30827063628863 0.232654571505811 0.0482340765110285 -0.118022432660255 0.0329268703057342 0.198537397816094 -0.424569248569087 -0.0502354539674705 -0.0186501370643881 -0.463588361230553 0.117970080059433 0.579033792575876 0.194896123729864 0.0215648216834814 0.0876531877386116 1.3934775641471 -0.115199997808567 0.0187185545510643 -0.164865658129237 0.206807203975905 -0.0206590012714343 0.298715236512488 0.614322432012852 -0.149316067949923 0.303283934466707 0.440312182366295 -0.0588318540275738 -0.425926870490045 -0.00427977549497279 0.479962044237945 -0.259070356621248 0.43882603239401 0.33995540333351 0.356916892654169 -0.226121881259959 -0.329761770395901 -0.095088085679022 -0.196640170171326 -0.724067031035831 0.0220955698608059 -0.44402244189279 -0.305677005966658 0.212770915081086 -0.35485899915498 0.15941274351884 -0.357494187248129 0.245879227194208 0.156281165478282 -0.0898005522891156 0.293746815304382 -0.110322434243825 0.0403839301913058 -0.391262046536525 -0.21193906218969 0.0314866957305733 -0.191185316011653 -0.0559276991900721 -0.342503598685292 -0.194910801023912 -0.152804984803345 -0.0390651019885447 0.301214959328433 -0.214313017041584 -0.381691133198818 -0.141594743056041 -0.0507235441577814 -0.450210246460576 -0.0934559591434535 -0.0571783914502083 0.136121055225349 -0.53137839021923 -0.117036293184301 -0.124434900343821 0.0771407233301226 0.264955951826866 0.119361773567493 -0.232359559452114 0.31663517672429 -0.15677368669129 -0.554520218285326 -0.163458455958424 -0.137243211502749 -0.0518999961177564 0.267050694729465 -0.552967585810082 -0.279914130773532 -0.332885313627439 0.208956787553571 0.247147093187275 0.00317285550071762 -0.288913576029866 0.152421609812253 0.102514129038894 -0.135139056163573 0.259619117631666 -0.129704430898209
21 0.0163684205061259 0.0146684206641048 0.0315210517317736 -0.0887578949035038 -0.00334210520152802 -0.145152630709809 0.186863159271149 0.154752633086357 -0.039005262846296 0.0625157901692735 0.209926316316582 -0.10141578808058 0.0150947373543053 0.306378948001069 -0.0668210535669068 0.054452631012052 -0.273684209019934 -0.189636840981431 0.0519105271132918 -0.115199997808567 0.503452631203994 -0.0752157912438916 -0.108963160591601 0.0987631585418562 -0.164284209590255 -0.188547367323647 0.156221050608438 -0.041300000611656 -0.143873683251076 -0.132978949027477 0.134515789873375 0.047657893989239 -0.0423368408817623 0.205873681972478 -0.0158263146179394 -0.076600001938393 0.191352632100468 -0.0267000015228138 -0.0111105255529237 0.305957894720894 -0.155852630154786 -0.0641526331567874 0.0940105274134553 0.0894789479658065 -0.00242631782172319 0.0820052636213177 -0.155526314881293 -0.0581894724525349 0.391984210230263 -0.308505264506569 0.0634684222263868 -0.16363684080272 -0.133994735945253 -0.155799999041187 0.0690263168774408 -0.318742105811873 0.0243631587958652 0.186189471510899 -0.0387315819073853 0.174400000436241 -0.153342104326991 0.118936842484422 -0.0448315781190925 0.076926316008728 0.188352629154804 -0.133852630670766 -0.00199999926580493 -0.153142104263719 0.105742102474245 0.0118947373758763 -0.0338052623646452 0.00140526171930957 -0.0318842097620442 -0.179178945833664 0.184678947711703 -0.0816578966467533 0.0689368428974377 0.011226317046229 -0.130436843084855 -0.0959947362429478 -0.093157895772701 -0.167000000648809 0.222336840499674 -0.0173894728339382 0.0838368389592108 -0.0173684204333088 0.0818421065505214 -0.137599998594197 0.117273685110036 0.288457892535427 -0.204084208433429 -0.13823684127974 -0.0957999988750691 -0.13394736721324 0.323678945364075 -0.195636840296497 -0.193036840951189 0.288984210543669 -0.0648315769888927 0.0940315791049339
