1 0.736034339365574 0.50873184929178 0.6421102427934 0.210435178390444 0.0129709136422325 0.0258589996304164 0.447557047329032 -0.361966208235935 -0.0215335187661803 0.213466474283422 0.034595008296059 -0.501296950408508 -0.00977451779776558 -0.243788091186272 -0.265721596826154 -0.25143406563326 0.206434618164071 0.124904703586248 0.0544664765309655 0.435712725512176 0.0163684170141062 -0.0945044208915189 0.100058738777177 0.187522153220023 0.151656504349454 0.180033511655767 0.253518840704349 -0.242296391359069 0.257372014716135 0.0475626128554774 -0.0377648228186163 0.201286149442042 -0.210436567236607 -0.179669794253721 0.11798309486852 -0.00910165137035044 0.2228113489004 -0.0336301854516031 0.046958167284713 -0.074660112911556 -0.16016537666464 0.104611641204238 -0.201075903470951 0.0160523503219976 -0.0732135620266518 0.00334321001059721 0.106483374945828 0.232014395090547 -0.0466814425813789 -0.429770342799169 0.0542332335310276 0.0382185542568178 0.0881966714634392 0.0655808822999207 -0.271118838269117 -0.0533700759104027 0.0414224322174702 0.0617446060716675 -0.0219587101961119 0.234551238517658 0.0829601064738522 0.0420941789037809 0.0618246490838662 0.005217449481706 0.114735742153998 0.180321323616923 0.0454113529469566 -0.230646813850203 0.0122421177900763 0.0722008270311611 0.0737016572483947 0.0257011147684152 -0.275865095833262 0.0241368360543716 -0.244133517736951 0.00743491336686149 -0.301888365367902 0.174349575199953 0.14599363273525 0.0377337924737022 -0.0725731227790202 0.0998847679932371 0.303494737328873 0.161515505739076 0.00600195371567926 0.147530188563473 -0.0609210589603363 0.285877829120703 -0.220821331778216 0.212462608106967 -0.108827707182172 0.0370459801944357 0.223882540223468 -0.12681551488787 -0.1769182732388 0.0290717378368582 0.169511073924718 -0.153634349804876 -0.303701112040914 0.00725761576907671
2 0.50873184929178 0.61509528189411 0.465967862192627 0.365054565855546 0.112010247261251 -0.0408556798836843 0.351719378497973 -0.395921883544655 -0.00473545776492586 0.18088032650063 -0.0182257649448889 -0.160167591427271 -0.0658806102260717 -0.255813019742654 -0.308411625456416 -0.0469260364552363 0.0863534580668607 0.0936673090358994 0.0869592751550205 0.263441263141782 0.0146684181815265 0.324985873934199 0.0560490397782708 0.166965368168216 0.113034068172899 0.163993346734067 0.0938008352898766 -0.0873243728315552 0.215059828012671 -0.12221162550923 -0.049361220459652 -0.0199750666911801 -0.212931025326395 -0.319250127028111 0.0698714630314922 -0.119398051616934 0.259633233381051 -0.0851551177329401 0.0824900237644251 -0.0761781174144753 -0.213957063902159 0.0726074840125334 0.133563982149772 -0.0734373976818591 -0.121269242974397 -0.0548977852763912 0.105893071090041 0.257018274453447 -0.0578628819583535 -0.0585091332001142 0.0291348979830679 -0.0188681469863203 0.120682821408486 -0.0221277025838986 -0.282795567502108 -0.165898053790625 -0.00194460163218705 0.122857621800065 -0.0045700724224582 0.209860381450232 0.0570833764942991 -0.00799584699138445 0.082222987793542 0.0237349012894349 0.132692525540095 0.197079496001079 0.0185595539392885 0.143432682319534 0.0330421135952897 0.0777648167041726 0.0712980572625941 -0.0911872511095629 -0.301277559740573 0.0182789431235259 -0.238751245214721 -0.0048828181188798 0.0304495806869945 0.092567584030787 0.0203977880233598 0.0439149563849976 -0.128051517089009 0.0847221628221491 0.177889474584765 0.155283651110755 0.0243144143230827 0.115860383870188 -0.145063160608358 0.313571459125309 -0.254226869636022 0.148967315956791 -0.162608036233527 0.0939603844599649 0.26989666825694 -0.0959257633389766 0.127479226709554 -0.0298723034402799 0.128158998135808 -0.149405540005919 -0.421391689070926 0.0285415494902311
3 0.6421102427934 0.465967862192627 0.98016896553869 0.345550689758069 0.153026589820429 -0.0997864293463267 0.231443748902939 -0.381257072437606 -0.00548033413700654 0.267156498481624 0.107078383475668 -0.253048204705415 -0.142840445274952 -0.172044883205675 -0.316067298970838 -0.227479216995602 0.112630738815924 0.335343202069207 -0.283659282489787 0.209463969762267 0.0315210459822675 -0.36114900874757 0.0460088873694344 0.211671457583822 0.183365920333252 0.172622429339468 0.135746548715142 -0.421665084243911 0.171319105567132 -0.100840979674039 0.045103317658766 0.302754016796966 -0.389321609347136 -0.0498708988902063 -0.100603054640304 -0.281712443578326 -0.0433069322059381 0.0557603997290507 0.263336277733339 -0.0292797833503869 0.0605412645168808 0.306882003340612 0.137783366597546 -0.0640889250813198 -0.0809096774151177 -0.0197443262558133 0.221501653839453 0.393850123037599 -0.0661844911734975 -0.27070662714786 -0.201961226166418 -0.0419318628488001 0.25447506019455 -0.257945984043438 -0.0937518090838167 -0.072407190757946 0.158376166903026 -0.0833207599980199 -0.00619831312455059 0.244355390893284 0.27821134792285 -0.00166731823427748 0.0181191073687628 0.0610440401288368 -0.173613554288488 0.0102678619344907 -0.00767008889606494 -0.221569530731206 0.0337737043536554 0.168287804295448 0.304775612392848 0.247492528317617 -0.163832966892103 -0.140152638444057 -0.12898559957719 0.114182840574938 -0.342454849648468 0.0869376612865215 -0.0101714576514776 0.0908166158790157 -0.0582589917022948 0.0211567946584724 0.311463161707163 0.270637385050621 0.0648645658604731 0.0407606594350365 -0.458878951693367 0.537449566672537 -0.0599468228444818 0.266911642530714 -0.143034082914538 0.140202763576953 0.0677348945406917 -0.181721610994777 -0.0959686861008334 0.239430178821234 0.197293619687956 -0.112636568632483 -0.320687267008932 0.0287637084432983
4 0.210435178390444 0.365054565855546 0.345550689758069 0.91017782554878 0.109075344257395 -0.0439027713005385 -0.0328426651656595 -0.374231856390146 -0.0475662049994922 0.107070632349928 0.272338773071567 -0.0941207782355478 -0.158579500710218 -0.330685040794269 -0.396961762382677 -0.449175337217867 0.228284480553753 0.259675062444887 -0.0444030496278952 -0.313942383985619 -0.0887578959684256 0.327263713426638 0.124942667740305 0.0958130146903511 0.196248194159435 0.292134618779077 -0.324831290562284 0.253277837656411 0.259114674863362 -0.373809128064442 0.117388361191536 0.0303556804608913 -0.0859296425048493 -0.64001494147374 0.143250132060249 -0.424237935545145 -0.0959468162184783 -0.0975587184760403 0.117665092358848 0.0729686944486777 0.0708002719869009 0.259991968612319 0.204479216298973 -0.0243229941446467 0.0872365709467217 0.117634067752478 0.194183651286832 0.225995560175809 -0.228312186669157 0.368739059364669 0.0228747871511835 0.0439930707135305 -0.140739057971936 -0.0755180064687552 0.0381944547496377 -0.356516887066887 0.227020214418567 -0.024214120736332 -0.0472005423230191 -0.209493905306254 0.154562876202962 0.190096116416997 -0.037001110025143 -0.00620415642515245 0.193171195098394 -0.0178717470321812 -0.263778391589645 0.362256501338762 0.0498894819935579 0.154890023124801 -0.037304157074728 -0.251244866038931 -0.0996977847603806 0.048710521452222 -0.0667030486986206 0.0394127492239986 0.0376130153759793 -0.145726594971204 -0.0110182778095734 0.0995681410188833 0.111140722836192 -0.0473803279585744 0.361063155868402 -0.0585966778333134 -0.00348641594321119 0.224437667329467 -0.138073687188045 0.394508022769478 0.104208581365583 0.105606652012349 -0.095325489037487 0.0946218802420417 0.118162044643365 -0.125866483155223 0.366140441716124 0.0456074735633667 0.330161764795909 -0.226461494473497 -0.854649853812245 0.0434559536379097
5 0.0129709136422325 0.112010247261251 0.153026589820429 0.109075344257395 1.23353959175706 -0.206427420110991 -0.140788639372756 -0.35101799873548 0.0624703591933367 0.434928248076578 -0.112884485133431 0.223886423496743 -0.216599165093181 0.453419660768874 -0.497162596206927 -0.00933434911121662 0.0748232679296016 0.136063710024417 -0.30951384479759 -0.308270630982074 -0.00334210480773036 -0.330121879208185 0.268714952433507 -0.0742958431827988 0.379780326411326 0.103692796421207 0.127686423588929 -0.397235173839836 -0.00640360066462161 0.110468972199963 0.0413753459458022 0.609366471547889 -0.179695010272111 0.354811904531469 -0.129467310270189 -0.100656232135406 -0.0846903028006306 -0.368996116601804 -0.192300273427823 -0.198345148709391 -0.0778872557567212 -0.148401106483948 0.0979916888186383 -0.459762872837756 0.178918832518003 -0.0365853176097307 0.0473218831677946 0.0317487535193 0.0355288085842223 0.0514440423867669 -0.705191123340226 -0.0927817154171532 0.363945423642123 -0.00243878080030217 -0.202160106791787 0.36643849740755 -0.140290855892499 -0.138702491704151 0.062927144156538 0.606269796476821 0.26320304303943 0.150463709757988 -0.129393072260604 -0.0934542918711209 -0.434304148981351 -0.231416062321681 0.148946535312201 0.513667858863476 0.0979789443915996 -0.236121879443189 0.146408862217562 0.270077834095138 -0.100850690481063 -0.504473675243135 -0.210671741256624 0.114344041315898 -0.313085312864975 -0.00379695216649109 -0.000451524212254351 -0.072523267291899 -0.257668971454971 -0.129105815575394 0.140952628654852 0.270516062424866 -0.102012465248888 0.280390854382524 -0.31225788877831 -0.381746253474901 -0.296073401675464 0.457705808759606 0.023401385519456 -0.181282822204982 -0.297072016751285 -0.309705534548733 0.411191959261869 0.161707200259506 0.0519783928715108 0.0909238215593907 0.0726695288409689 0.0941476440630711
6 0.0258589996304164 -0.0408556798836843 -0.0997864293463267 -0.0439027713005385 -0.206427420110991 0.494787806316892 0.254393357130681 -0.0586717343162642 0.00753712017998212 -0.10699445361408 -0.215355669789815 -0.115796667782045 0.233461771884759 -0.172746804518173 -0.161441277331791 -0.195225206882777 0.447382268791512 0.125927148438447 -0.173852346826633 0.232654577056513 -0.145152625156258 0.271927686009638 -0.0417986299066775 -0.130433234213863 -0.0789268654801692 0.179573407808938 0.195071733023049 0.0971024877187 -0.0494659237725725 0.312495552274399 -0.154139605900808 -0.291295012425547 0.0731864313797328 -0.102416351235521 -0.226556222888317 0.141523532137045 0.0738540204526959 0.11205317532054 -0.10964514661191 -0.153886143465091 0.0693980655037627 0.196656220269064 -0.214375612753906 0.0937451550443454 -0.100113859590734 -0.136127972138361 0.207445982911811 0.0696468191043368 -0.0969778346224107 0.153279210980415 0.184797510859233 0.0787905853839673 -0.0466897467482666 0.282941826800927 -0.210471735052089 -0.0209606711945284 -0.199831016533598 -0.121390589038649 0.00828807230257456 -0.0900216007537251 -0.0658822672274161 -0.135514952765234 -0.0956343435748515 -0.0422867008156459 -0.0384404532183517 -0.0411504115981494 0.190843491019623 -0.0543113529530671 -0.0432736970611413 0.210822437156724 -0.0769498564047864 -0.210027981988846 -0.117068138419011 0.113315793616879 -0.120862874852043 -0.0171102601545541 -0.167417443711386 0.356001939970358 0.106206916680199 0.234512463524601 0.00602547804437483 -0.190711359620885 0.0370052566598694 -0.107017999451227 -0.045205555145369 -0.0833900232316521 0.0545526384966953 0.0611700879211353 -0.243791679524058 -0.131993911891314 0.212746819569104 0.1501152357071 -0.124518552652913 0.0711390618157902 -0.0137252143236954 -0.1836786600302 0.199788643178462 -0.0768589979537935 0.0169648293038964 -0.0399390555491006
7 0.447557047329032 0.351719378497973 0.231443748902939 -0.0328426651656595 -0.140788639372756 0.254393357130681 1.35179446897544 -0.372934310246149 0.009064269715488 0.276395854982622 0.282998350801944 -0.636276146247725 0.301020780228184 0.309460128876135 -0.2184177439842 -0.546232408727768 -0.0608603711230199 0.118150702832252 0.251137962037548 0.0482341051936449 0.186863168066038 0.271400238426862 -0.172052403414786 -0.0271645272160058 -0.323981148090144 0.0707673236953043 0.438676417622152 -0.326516350454129 0.340478398891848 0.0512190783188261 -0.319705799540365 -0.0196853294926594 0.0451720412451999 -0.36085487287396 0.235843506359159 -0.0154584855875504 0.573179231584558 -0.261713596884183 0.184350979440995 -0.031491954447188 -0.0590866837386422 0.412624893641497 0.164150158782416 0.24217009311512 -0.231108065221744 -0.227796106725304 -0.0630213187680217 0.0871609597346508 0.055914967781422 -0.57863576034875 0.140200574824583 -0.410611334092329 0.0978410060839461 0.32358310783166 -0.356097479173981 -0.202205836038815 -0.172629343218488 0.265648164187295 0.012347037655547 0.294813583064486 0.0575340814724822 -0.230928239661427 0.456520503831922 0.135353190238779 0.310843449973186 0.340808869294716 0.430842387950465 -0.368192780152398 0.0554104805509577 0.218273967449114 0.497374242585857 -0.219885617149514 -0.457277819575758 0.369978961137836 0.00628006861635572 0.185832647108887 -0.233811890836695 0.220986722467 -0.285219685221935 0.0858603931312435 -0.102950712694173 -0.581787542967575 0.420594710417533 0.258543777282872 0.140677785014948 0.00421358353719748 0.444973702684976 0.0226961407870382 -0.324156206874501 0.357745396117087 0.136650441979013 -0.081591679341521 0.320888930337462 0.00894572216690709 0.363920193111512 -0.559798858609023 0.368744050873763 0.0895587359814964 -0.0273459510618293 0.0492964045531102
8 -0.361966208235935 -0.395921883544655 -0.381257072437606 -0.374231856390146 -0.35101799873548 -0.0586717343162642 -0.372934310246149 1.19791968138917 -0.0121783890827428 -0.359146793273732 -0.233374493243179 0.432254030607148 -0.143039599903167 0.347637968339503 0.423912161633478 0.266107466738675 -0.175493332696127 -0.248008847478545 0.0589110959469111 -0.118022400629379 0.154752642718283 -0.041565685478226 0.0370027160751769 0.0340598490008326 -0.166206358136122 -0.181490012452067 -0.317835482151901 0.0427470779179731 -0.38528446958971 -0.367782577910201 -0.134558156777318 -0.261716350778435 0.479704444660956 0.431330431521913 -0.0365861283562818 -0.129621365797435 0.243165941207842 0.281101074640164 -0.0601008166328897 0.0746645538741839 0.211722453663416 -0.0392138810205309 -0.358888058934377 -0.203588624792791 0.249677521196497 0.0909335282507174 -0.0596553905235827 0.0890252262666852 0.151870645196876 0.322737353717523 0.0878213520756854 -0.139750396217323 -0.351442642629987 -0.379221589301342 0.310346000793603 -0.123421350539959 0.0274905986117916 0.181050380644618 -0.012855456758383 -0.026711618881482 -0.365675052440847 0.0788174619448098 -0.0209371055576783 0.0228318626912285 0.189787495148213 -0.055758713804875 -0.328481421748953 -0.165296384247609 0.00814732196867105 0.143581725243895 -0.307531283816162 0.0908861220204537 0.0787637231792617 0.280905279057875 0.330079509666086 -0.154699481414033 0.0995177440698379 -0.00708557217978234 0.170976982377922 0.0980565150338847 0.234908837770701 0.206345684367036 0.0188473480218808 -0.151878099098381 0.0241888655737 -0.0849905697732035 0.0557263415684863 -0.127733495974466 0.27511137388405 -0.0178562605990588 0.245914707037478 0.144035741035988 -0.0821739433388682 0.368220231966451 0.0727600864005607 0.326537415568366 -0.196327961498714 0.327560948484449 0.282434931272137 0.00634820603206403
9 -0.0215335187661803 -0.00473545776492586 -0.00548033413700654 -0.0475662049994922 0.0624703591933367 0.00753712017998212 0.009064269715488 -0.0121783890827428 0.0197429364519172 0.0157903062801945 -0.059567032834046 0.0708152368381177 0.000822161848615321 0.0384279800971249 0.0013919643560752 0.0516191117421589 -0.0173216044047402 0.00591302082347631 -0.0358623242707456 0.0329268734982947 -0.0390052608552666 -0.013159006803683 0.00435678018143087 -0.00168393158500136 -0.00325955548863212 -0.000663987430269055 0.0610941781447352 -0.07408725793338 0.0348653747786801 0.047797224831688 -0.0544135709661949 0.0172675883365272 -0.0169144016770913 0.0673299118864629 -0.0461160632260759 0.0164285269559992 0.00153573613191457 -0.00957728863030669 -0.00307756065771325 -0.0611637094259986 0.0366520793102021 -0.00344183197335201 -0.00299002478160714 -0.0242487513100803 -0.00507313457797029 -0.0465997207989775 -0.000351522313897764 -0.0208648171841306 -0.0182072006340093 0.035363983857385 -0.0645022121104659 -0.0370124627092489 0.033872853930876 0.0147675911184148 -0.0112047062300311 0.03578116006945 -0.0522141244618968 -0.0233664854561047 0.0198484694437988 0.0317878129220322 0.0144373971805137 -0.0462448731624387 0.00901800698616444 0.000355679523847373 -0.0816687010949335 0.0392171751974141 0.0196831037666848 0.0380185603640157 -0.0033526371183668 -0.0108484750453736 0.0256767324490928 0.0218318524459883 -0.0177675882140497 0.020847370558777 -0.00928864084353359 0.0233218786797779 -0.0236418257863647 -0.0165836534235966 -0.0183476479150432 0.0091373968116848 -0.0402498635581495 -0.0257867054180213 -0.0470105279624693 0.0114144060216793 -0.000879784864724469 -0.00865429221271203 -0.0187526280422042 -0.0122371165052227 -0.0583961183654616 -0.00102908926300527 -0.00677534256322526 0.00630360213330217 0.0100653757894898 0.00703296586147771 0.0355612154447116 0.0389797807501636 0.00816066626513884 0.0174177297033149 0.0923576201720661 -0.00170664736283465
10 0.213466474283422 0.18088032650063 0.267156498481624 0.107070632349928 0.434928248076578 -0.10699445361408 0.276395854982622 -0.359146793273732 0.0157903062801945 0.820048192682897 0.187843495356093 -0.267747908461958 -0.114683096123412 0.185312196093546 -0.0753817250801258 0.0679033193355632 0.0922678728038177 0.428691965360424 0.00864294362230296 0.198537408641625 0.0625157946138954 -0.283611645508145 -0.0632590257847169 -0.0193207681951919 0.233608865032449 0.323720221752985 0.142667850986947 -0.179060944620604 0.177149586756654 -0.0987712055120305 0.11291274624936 -0.334474514928756 -0.142045971791419 0.0557246382862103 0.122178677627318 -0.182171482387029 0.243546264128517 -0.180603611060886 0.0836434949543529 -0.219579492255347 0.0135099808643145 0.131905523892062 -0.0957163311964503 -0.22855400629935 -0.164362617822317 -0.197704977573293 0.185980056890909 -0.32907006863657 0.183640167934837 -0.300651812265698 -0.447333776826271 -0.0382335097200475 0.173114960454076 0.167793908017257 -0.379725745306422 0.0546864153438315 -0.0857299076560596 -0.19266123000198 0.0171326617693396 0.155735184243609 0.522016339674979 -0.196308024699086 0.158954850961849 -0.0628969486590798 -0.160358185458687 -0.100309134638504 -0.162927415150612 -0.118455117324653 -0.0593000198908413 -0.130122153921366 0.159003050322952 0.351773943640915 0.120995571527189 -0.100436831173694 -0.201825475217442 0.216358705048742 -0.279620763238741 -0.1548994329265 -0.303258177124373 -0.0489783894004164 0.0162238122606213 -0.0411393428721315 0.416352615620478 -0.196522427776768 -0.0672903277914392 0.0565720259700907 -0.252994720611095 0.0190523632288317 -0.194622424932725 0.402223526321943 -0.236022697392251 -0.0951542878353005 0.00274432872805879 -0.0150565020240417 0.0981506804387859 -0.123051787307887 0.344065928167879 0.11551246890645 -0.244558152856993 -0.0556803284707448
11 0.034595008296059 -0.0182257649448889 0.107078383475668 0.272338773071567 -0.112884485133431 -0.215355669789815 0.282998350801944 -0.233374493243179 -0.059567032834046 0.187843495356093 0.870390023017774 -0.263351784798977 0.0547509739563121 0.127818570336629 0.147140984185627 -0.394189194482315 -0.400383364144505 0.0847567921192697 0.403232966230918 -0.424569226150904 0.209926319684658 0.0304648004944639 -0.158445732481724 -0.218945140234703 -0.238286971114226 -0.0237645359549412 -0.323093916798966 0.0629650890268171 0.0678282599416117 -0.215053755170801 0.104996681013711 0.17574597420535 0.136600562776401 -0.226439625784142 0.576150417055335 -0.136813868764669 0.0177858815728447 -0.0591235601895286 0.374332133964915 0.370385041961601 -0.227451786284769 0.331507456903118 0.440963994391753 0.146673135559972 -0.0963166388098801 0.142160114771502 -0.226770073878656 -0.133439599217364 0.00798975626353245 -0.47340915336437 -0.04462297808989 -0.24607865714085 -0.213669796726141 0.0613354619975998 -0.0292534499752313 -0.196019122673117 0.355360668264322 0.184768123828919 -0.0590648487344219 -0.316844862004247 0.16934127721333 0.0747410023029462 0.384259834530861 0.152692799080442 0.488687229958155 -0.214146804914675 -0.105224644864898 -0.238477828973259 0.0576841846400164 0.0568490350039207 0.362792798775427 -0.134876743089352 -0.0635407123997711 -0.053873672251299 0.200380336490267 0.196790835010663 0.111670644518405 -0.400116601337111 -0.213107488120983 -0.140816614414175 0.114101093977195 -0.258688371361527 0.427536824202694 0.00145208546427839 0.165040688584937 0.0991761813104043 0.236805273602785 -0.165949571017475 0.346388925282452 0.199304136636272 -0.0569817005338322 -0.201581709073905 0.115933524972635 -0.178183644691034 0.125426578232563 -0.392456489803972 0.293248478632748 -0.0915686900352999 -0.539817978873447 0.0494520803436218
12 -0.501296950408508 -0.160167591427271 -0.253048204705415 -0.0941207782355478 0.223886423496743 -0.115796667782045 -0.636276146247725 0.432254030607148 0.0708152368381177 -0.267747908461958 -0.263351784798977 1.64641439041798 -0.126960379476975 0.206162061502213 0.0357509565565723 0.361650404441818 -0.335901369294556 -0.199785861298596 -0.362747905995299 -0.0502354341833499 -0.101415779179033 0.361849833376585 -0.0446659607883429 -0.00539666590088622 -0.139630462127041 -0.194436277173329 -0.258890873508995 -0.157468149466685 -0.139962871304476 -0.124149050740219 -0.0836049767599481 -0.0999099779493865 0.0537218956373583 0.624711603729897 -0.500329618632661 -0.238162901007478 -0.346139595599434 0.248030448746709 0.0929692589526819 -0.0303119032033357 0.0233565215623787 -0.227838797024416 0.281614414688507 -0.290432396050175 -0.00974600646073812 -0.230044033120211 -0.128513010881678 0.0339484884504974 -0.166386417174358 0.369225732366764 -0.052152892708918 -0.00386010007132888 -0.119988910878041 -0.144836278738473 0.727259281892851 0.0945634189152376 -0.131885305469625 0.0318653534097282 0.0697974710126026 -0.246583088962192 -0.137093342774197 -0.0157911281022674 -0.216652342677241 -0.0418055350024153 -0.357229656792718 -0.119857054791688 -0.022534340333346 0.379280610606686 0.17535259956607 -0.143550129730209 -0.194200265604544 -0.133901953210405 -0.228121594963154 -0.430857874671669 -0.026426860723977 -0.0106005777167273 0.221808594379443 -0.277588069415931 -0.405755963461769 -0.0240459786040632 -0.508961501603552 0.164670068695059 -0.620194739177121 -0.257542922762991 -0.0479994789261606 0.00039585148839191 0.0132263323496802 -0.0468243634422594 -0.0519429221638728 -0.130270098667024 0.258943227648919 0.232185320585592 -0.066715500980003 -0.316467574431105 0.564945128408517 1.03124681292267 -0.212266747260269 -0.00265567102977989 0.156391430827862 0.168783380906542
13 -0.00977451779776558 -0.0658806102260717 -0.142840445274952 -0.158579500710218 -0.216599165093181 0.233461771884759 0.301020780228184 -0.143039599903167 0.000822161848615321 -0.114683096123412 0.0547509739563121 -0.126960379476975 0.496068138734849 0.011360117671328 -0.17347036303396 -0.204611356323509 0.128392246405504 -0.0996177231481096 0.114401111020676 -0.0186501278646773 0.0150947406271209 0.254963420311025 -0.0487944747448859 -0.141017167533015 -0.087386422111342 -0.100153734347717 0.197729073654334 0.0813889145532365 -0.0596742338354875 0.318555939933006 -0.164037389651338 -0.0189169006170112 -0.0110437610987401 -0.113475907886423 0.0271224432946505 0.141467853411003 0.0514265970274804 -0.119250421993454 0.193635180787528 0.0490554044333702 0.0441817224605235 0.105845972421615 0.04077646061147 0.345375344797935 -0.108681726539292 0.0553144069751354 -0.0791792200753458 -0.00971799949435141 -0.106353457719943 -0.160288373901079 -0.00839943880960848 0.0779254884704939 -0.0540063671095361 0.287777837817385 -0.226718549153707 -0.0258742445541401 0.0506916940182114 0.0908008201371572 0.00158918036519784 -0.0961443153114108 -0.0743659235805193 -0.14448088057703 0.13050471086558 0.234653183798108 -0.00113546774120541 -0.0513753421601756 0.19265817244954 -0.0629085827097796 -0.0513894864686545 0.184584487468446 0.134011081943629 -0.219111915394684 -0.127940991405685 0.0303052687083141 0.153148477964143 -0.0252515343138925 0.0593986190339467 0.0816446038351212 -0.188119671269896 -0.0389132937028126 -0.0670349085888444 -0.201898063063903 -0.0550894786843971 0.191475347420158 0.246898872063296 -0.0918074746000162 0.319978949923161 0.100875073441581 -0.0840299092895567 -0.138233524017869 -0.0534653643371957 -0.0645127385585099 0.101488922847221 0.0487404472531867 0.0172781092275187 -0.195130460357534 -0.102455950127006 -0.0842781113862806 0.0119434997959217 -0.0480772825510436
14 -0.243788091186272 -0.255813019742654 -0.172044883205675 -0.330685040794269 0.453419660768874 -0.172746804518173 0.309460128876135 0.347637968339503 0.0384279800971249 0.185312196093546 0.127818570336629 0.206162061502213 0.011360117671328 1.29998226696727 -0.263784497183709 -0.221756511763223 -0.424195826311903 -0.265400263584319 0.106406935253731 -0.463588332985323 0.306378952043514 -0.150991712302355 -0.0921233051791521 -0.150399432262259 -0.200055945029571 0.0281562409320451 0.0179041332157215 -0.253453467501638 0.129630753997452 -0.188216088655289 -0.127400819845586 0.537408847074009 0.254039622556867 0.339291384165879 -0.172000536484259 -0.315490326745798 0.282208317857473 -0.292317744135487 -0.074365640200597 0.0944199517000577 0.243862059699359 -0.132131044988607 0.0534725922010011 -0.178886967327727 0.189816868027539 -0.145404698362755 -0.183829352607172 0.0784651098794081 0.150911916397638 -0.204687834614592 -0.437088618401529 -0.465903858303329 0.196856237124595 0.127114133186429 0.142943226986161 -0.17561663392091 -0.302486132216371 0.164245957971985 0.0407495444390867 0.422712469057997 -0.196640986318725 -0.0482265836488068 -0.114227135517122 0.124948202437881 0.104573102597654 -0.183413008495158 0.302497788345398 -0.218389184580587 0.165226280077656 0.00646094896344614 0.187000837193123 0.0566426397917054 -0.0428614861828306 0.142636854374655 0.476833242880516 -0.0527141535976456 -0.283020481684806 -0.0748778215278871 -0.504784772611763 -0.0679830964073869 -0.276894471328351 -0.532010253710827 0.0508684059101266 0.320439340347944 0.129356192319853 0.186270364520364 0.295468435160844 -0.324547902879764 -0.0331080176670666 0.183231278819641 -0.00441909237509885 -0.150608578101556 0.0460991799682098 0.0244975182412271 0.762843461139669 0.0196806267904677 0.0296266016205157 0.515193351861184 0.455031040810406 0.153976179494718
15 -0.265721596826154 -0.308411625456416 -0.316067298970838 -0.396961762382677 -0.497162596206927 -0.161441277331791 -0.2184177439842 0.423912161633478 0.0013919643560752 -0.0753817250801258 0.147140984185627 0.0357509565565723 -0.17347036303396 -0.263784497183709 1.10054957776142 0.516952073711246 -0.353275349876515 0.0248495766592931 0.237991953102992 0.117970060615127 -0.0668210595433916 -0.342898034658217 -0.101808554325395 -0.147457070494378 -0.184920778582116 -0.23290775953094 -0.280701639628928 -0.0316775543198773 -0.178524934547912 -0.165871444600166 0.0289119034253315 -0.534944582660407 0.12406203581722 0.244310818135916 0.387357045220465 0.198548772585013 -0.0416401756159091 0.452394469141914 -0.0196484839665851 0.0184825410449315 -0.16281219707677 0.0228061120936602 -0.0563016750166135 -0.0349041630243536 -0.0120877897896855 0.0234850342841956 -0.174817731570943 -0.459189200755028 0.116673122058036 -0.0986343257139238 0.0845775469433836 -0.165837403305433 -0.162870917757666 -0.185476180678899 -0.114940454508774 0.0454171871894653 0.0776891852347881 0.0151374145165258 0.00031914593248055 -0.272578674630593 0.103396390888976 -0.0491451584023929 0.353264529347881 -0.0986119138846255 0.101504451707818 0.134888356958251 -0.242529643617358 -0.187923272545944 -0.0968262870809556 -0.190724379521111 0.0549038695858312 0.481753469860311 0.293591954531516 0.18304209019695 0.0499287999868827 0.158660407413702 0.185285028420119 -0.32910360926615 0.141625495930357 -0.0821772880311021 0.360403054337384 0.367192525558253 -0.0843368289527762 -0.286093632680515 -0.103986670458091 -0.19500498907945 -0.0781368564346858 -0.448227151031686 0.265743196538254 -0.0460872403472625 -0.0110944770146028 -0.151378673322188 -0.102651254499697 0.245193615106182 -0.639542635098978 -0.10850278283175 -0.0263127496020816 0.0537110723675174 0.046051780533131 -0.0880936312631637
16 -0.25143406563326 -0.0469260364552363 -0.227479216995602 -0.449175337217867 -0.00933434911121662 -0.195225206882777 -0.546232408727768 0.266107466738675 0.0516191117421589 0.0679033193355632 -0.394189194482315 0.361650404441818 -0.204611356323509 -0.221756511763223 0.516952073711246 1.14824485823625 -0.252770636808961 -0.109463713134279 -0.0105387849664567 0.579033776997897 0.0544526273897475 -0.0607886332123079 -0.0984359966464426 0.0794695239867412 0.0104775596840918 -0.148019114052469 0.197318840571047 -0.00160692211573444 -0.235349029337484 0.136304715399689 0.0588720181307495 -0.574261206523589 -0.186883935329423 0.567177560648459 -0.194711636063416 0.311535184072333 0.0992324041875477 0.236622440636549 -0.142752355414369 -0.153965374326745 -0.176007480980628 -0.337735720976751 -0.143981166742157 -0.233005539775368 -0.100887247076275 -0.13824099775487 -0.0135534648122855 -0.426317172236044 0.303739604609862 0.264855960168672 -0.124003604779442 0.0173711867773489 -0.0304296419787104 -0.235098059693285 -0.213171470017421 0.0480141321290014 -0.198051247412155 -0.0817080242461897 0.0500044445639708 -0.0284698092240772 -0.0116662073689898 -0.185021606391267 -0.0557911379754502 -0.0908299170965976 -0.259937937117013 0.0573107997285964 -0.322983377319952 0.170558443070858 -0.0848420927514291 -0.225567588725522 -0.303687809719285 0.322901108924504 0.291792789929467 -0.059284214472045 -0.0699229938279348 -0.0593071921227443 0.338374782510398 -0.210629364966392 0.169540999955185 -0.0729451528145224 -0.0147889140042279 0.397726867664161 -0.352894726173124 -0.382668695244388 -0.0988612043240576 -0.235759278393645 -0.460289472451754 -0.153616899732958 -0.0664476493874791 -0.107421598103568 -0.458990858227513 0.0340565068880457 -0.0917542960668668 0.205700269648481 -0.282413009145171 -0.00837562909054631 -0.322083654304421 0.230649854771812 0.35646729921684 -0.0747950142140849
17 0.206434618164071 0.0863534580668607 0.112630738815924 0.228284480553753 0.0748232679296016 0.447382268791512 -0.0608603711230199 -0.175493332696127 -0.0173216044047402 0.0922678728038177 -0.400383364144505 -0.335901369294556 0.128392246405504 -0.424195826311903 -0.353275349876515 -0.252770636808961 0.948024922812338 0.385429916600403 -0.341921592996792 0.194896135526618 -0.273684199394575 0.0163551074530411 0.182491938050838 -0.117191403213259 0.455722158059235 0.375153185259544 0.0205354421207247 0.216321319902269 -0.162162872639331 0.188672001940332 0.0966371236364124 -0.341341551178201 -0.0818675788172459 -0.302314691931811 -0.243619099614274 -0.00720500445503833 -0.0537711819406682 0.037672561733715 -0.240078105918707 -0.267748743165113 0.215056515508258 0.135108569983563 -0.46102768175837 -0.059779770432641 0.046943471735234 0.00284017181099031 0.508708029684782 0.157185325565701 -0.195623260356602 0.274188897299022 -0.0331634228613161 0.38265041733128 0.152837398791315 0.161305819817145 -0.448440701932009 0.114479211440905 -0.124311623942078 -0.242297795240886 -0.0169498878172361 0.0405537461659603 0.196148755377763 0.00481939614292912 -0.223878660293749 -0.10143711400932 -0.221782285263374 -0.146430740187531 0.0476288144452423 0.119559560528539 -0.0994737048380654 0.18012881076996 -0.204405530512565 0.0885296258882491 0.102925766113618 -0.0411420946922985 -0.255305806323677 -0.0738795184350514 -0.338101925182977 0.405422442141196 0.232365081989996 0.233875068722925 0.216501647589351 0.15478059791373 0.118531567320218 -0.0242955603812189 -0.10618894373115 0.00147479728616902 -0.242442088398287 0.286354575464918 -0.293763973895508 -0.0794858848252622 0.125469541278145 0.11246953171897 -0.28839971026391 0.188979783179198 -0.276923275261572 0.0260468259306862 0.134501666112164 -0.192408301243317 -0.346745407782911 -0.0943166157158567
18 0.124904703586248 0.0936673090358994 0.335343202069207 0.259675062444887 0.136063710024417 0.125927148438447 0.118150702832252 -0.248008847478545 0.00591302082347631 0.428691965360424 0.0847567921192697 -0.199785861298596 -0.0996177231481096 -0.265400263584319 0.0248495766592931 -0.109463713134279 0.385429916600403 0.677223262236192 -0.235281707303439 0.0215648327944612 -0.189636833800455 -0.152398071663776 -0.0584928169129999 -0.187746528345478 0.235342382244571 0.313229085284191 -0.132112197602821 -0.0929091445461675 -0.0887565038736845 -0.0766925328796621 0.125611914068122 -0.434160384988025 -0.0539958362687145 -0.178831311108289 0.0393623339794602 -0.146903890099885 -0.0259980540121845 0.0276944485593328 0.170393631025021 -0.194291127927936 0.221945710031077 0.471837653538578 0.0414457146261196 -0.192835725419199 -0.139224665354247 -0.174236003766022 0.417198057842419 -0.0511891883030958 -0.131342653112327 0.0173656367342182 -0.212427688313749 -0.00135844234018393 0.182876455333591 -0.101397224072904 -0.304277271778792 0.194632952122617 0.00869446622079059 -0.162378402653467 0.00697172421646013 -0.141052346575393 0.588654287910288 -0.172950408228842 0.257643491003474 -0.0581592761357103 -0.170879789234804 -0.0768063657643799 -0.129045422236295 -0.0922758942659382 -0.0579315954217616 0.128217730234952 0.25168282621217 0.234416606801978 0.135234074512483 -0.0113157815468721 -0.167355393708084 0.268618263789967 -0.231146527091893 -0.0895193803371399 -0.01626926050194 0.171938503925133 0.297618823121722 0.00416093476453129 0.258978935511682 -0.158019936434028 -0.0618340912081722 -0.113910243452576 -0.367542089114993 0.268514961490725 -0.0922725667016899 0.181396939281395 0.139016075347151 0.0882002790661487 -0.18111439521058 0.184604158261526 -0.170390033606356 -0.0505396019910463 0.392518834979949 -0.115667860566725 -0.349900812833121 -0.0538830990805045
19 0.0544664765309655 0.0869592751550205 -0.283659282489787 -0.0444030496278952 -0.30951384479759 -0.173852346826633 0.251137962037548 0.0589110959469111 -0.0358623242707456 0.00864294362230296 0.403232966230918 -0.362747905995299 0.114401111020676 0.106406935253731 0.237991953102992 -0.0105387849664567 -0.341921592996792 -0.235281707303439 0.992363980636219 0.0876532014320647 0.0519105322091102 0.412514657252802 -0.125532711210939 -0.193836554110134 -0.195585864257172 0.110978120533852 -0.263579511974476 0.236717995313096 0.218412744453576 -0.169960679511906 -0.0863819867508128 0.10905179301448 0.614711911256204 -0.194733253654078 0.70916287928611 0.184628509915836 0.55046731239639 -0.0615194037196814 0.0948803374373493 0.156104712552503 -0.145721594620688 -0.00512605409870841 -0.0414584363591296 0.167593356161251 -0.242946828602928 0.150342385569882 -0.184646252323805 -0.205975332994447 -0.00539667058872526 -0.399593917448106 0.0534451632422157 -0.227107190082879 -0.171463980743333 0.209241276216488 -0.212936273438509 -0.114513582816126 0.0888385112317854 0.325049286384931 -0.0352831291642093 -0.263522702906529 -0.188862595449976 -0.12930802531645 0.383154847799434 0.205792520868143 0.829562849223706 0.188432966300057 -0.24100109750835 -0.189865641954741 -0.120268441882787 0.118404158174405 0.0268714741155687 -0.374473413831633 -0.0668149511439585 0.481742107404287 0.0444955739078608 -0.0937833966704265 0.413821331246577 -0.358999428561223 0.11692602545994 -0.107246809193268 0.161823808893932 0.0474922338226297 0.157942092744881 0.0760880946375521 0.21782545469204 0.0581404474403502 0.564142109065371 -0.0755055291010625 -0.0599013736468265 -0.315113305073223 -0.202643749327725 -0.16293323368563 0.552739057143315 0.253911915260859 0.0722033114712553 -0.476646517238092 0.128297511245086 -0.217482261903358 -0.175663415771678 -0.113138221972773
20 0.435712725512176 0.263441263141782 0.209463969762267 -0.313942383985619 -0.308270630982074 0.232654577056513 0.0482341051936449 -0.118022400629379 0.0329268734982947 0.198537408641625 -0.424569226150904 -0.0502354341833499 -0.0186501278646773 -0.463588332985323 0.117970060615127 0.579033776997897 0.194896135526618 0.0215648327944612 0.0876532014320647 1.39347757577787 -0.115199983805917 0.0187185225658905 -0.164865703877777 0.206807215220783 -0.020658991695485 0.298715243256354 0.614322395845251 -0.149316077329575 0.303283940528649 0.440312144032082 -0.0588318417075197 -0.4259268748603 -0.00427975697513672 0.479962008305018 -0.259070334323958 0.438825991581879 0.339955414013671 0.356916861646404 -0.226121865946663 -0.329761754694534 -0.095088066742204 -0.196640195515131 -0.724066999245374 0.0220955826004407 -0.444022468855245 -0.30567699099176 0.212770921174726 -0.354858976055474 0.159412750781199 -0.357494215507596 0.2458792451971 0.156281178534908 -0.0898005412508395 0.293746821054808 -0.110322412331517 0.0403839089346196 -0.391262025290882 -0.211939087863238 0.0314866454400457 -0.191185299731256 -0.0559276887048402 -0.342503583204646 -0.194910786326353 -0.152804976201247 -0.039065134164858 0.301214964949338 -0.214313002032139 -0.381691116999247 -0.141594782761365 -0.0507235342627235 -0.450210228269653 -0.0934559812824543 -0.0571783792995621 0.136121071798817 -0.531378370202973 -0.117036325744142 -0.124434883070675 0.0771407431926753 0.264955927214909 0.119361778131722 -0.232359576483342 0.316635155439413 -0.156773702542682 -0.554520197063001 -0.163458501996121 -0.137243200041824 -0.0518999713112992 0.267050708842376 -0.55296755886067 -0.279914152177238 -0.332885282112576 0.208956792984644 0.247147104526043 0.00317287029370373 -0.288913592787955 0.152421630029673 0.10251413935875 -0.135139043331911 0.259619143562808 -0.129704423008466
21 0.0163684170141062 0.0146684181815265 0.0315210459822675 -0.0887578959684256 -0.00334210480773036 -0.145152625156258 0.186863168066038 0.154752642718283 -0.0390052608552666 0.0625157946138954 0.209926319684658 -0.101415779179033 0.0150947406271209 0.306378952043514 -0.0668210595433916 0.0544526273897475 -0.273684199394575 -0.189636833800455 0.0519105322091102 -0.115199983805917 0.503452628808146 -0.0752158025550245 -0.108963177823814 0.098763162676769 -0.164284203609091 -0.188547360311528 0.156221037681127 -0.0413000045199672 -0.143873677120454 -0.132978959628385 0.134515792427285 0.0476578892122631 -0.0423368330639323 0.20587366767197 -0.0158263071321612 -0.076600014324185 0.19135263543284 -0.0267000112531706 -0.0111105206784235 0.305957894618991 -0.155852621054792 -0.0641526432387465 0.094010534427235 0.0894789517829339 -0.00242633080723218 0.0820052665824615 -0.155526309078269 -0.0581894645824702 0.39198420833857 -0.308505273124223 0.0634684297263559 -0.163636832479829 -0.133994730214618 -0.155799992914641 0.0690263238292485 -0.318742109318007 0.0243631645538249 0.18618945762404 -0.0387316008210696 0.174400003223697 -0.153342098345147 0.118936844907142 -0.0448315728266394 0.0769263174097022 0.188352613665204 -0.133852624867743 -0.00199999457450263 -0.153142097877585 0.105742084653864 0.0118947407865246 -0.0338052572960012 0.00140525252715035 -0.0318842048785613 -0.179178936026993 0.184678949905179 -0.0816579088505548 0.0689368479592127 0.0112263250765454 -0.130436849344177 -0.0959947324144985 -0.0931579023915507 -0.167000004794516 0.222336830240403 -0.0173894674009349 0.0838368188568117 -0.017368416476009 0.081842114776416 -0.137599989611504 0.117273690857655 0.288457878468993 -0.204084195060462 -0.138236836004874 -0.0957999916870734 -0.133947359495651 0.323678932556857 -0.195636828738986 -0.193036833576976 0.288984210654555 -0.0648315644747783 0.0940315801117333
